.Random.seed <-
c(403L, 21L, -1722970168L, 671126518L, -1844623823L, 59031651L, 
1674559538L, -1548550780L, 457835463L, 1865574045L, 153570836L, 
-1746496326L, 1759412485L, 1190666975L, 459444070L, -1884117264L, 
86220307L, 201504689L, 49807968L, 1619132414L, 1384148873L, -1729959749L, 
1353745546L, -1061431444L, -1726618385L, -41070811L, 983644636L, 
-287184974L, -1605570899L, 406275687L, 1063351694L, 577618536L, 
-631472533L, 333256713L, 1725859480L, -659897914L, -1079766751L, 
381067699L, -1256055518L, 1994839828L, -332427369L, 749293453L, 
-923848028L, 1292254346L, -1246170379L, 953455951L, -1589501354L, 
466534656L, -393530301L, 1021155297L, 1007728464L, 1785932206L, 
-651991207L, -832443029L, -2144357158L, 226606492L, 1413767583L, 
123986933L, -752356724L, 1447581538L, -1541183683L, 1842126775L, 
1092947038L, -1679744616L, -1134336773L, -481095527L, 1146855720L, 
483129302L, -929958831L, -1164321021L, 430134930L, 1905996836L, 
266222311L, 63098685L, -1928081484L, 2098508826L, 1990528869L, 
-1906298369L, 1065557126L, 1011605520L, -1681374541L, 511951185L, 
-869711616L, 783696862L, 488468521L, -634992677L, -221252374L, 
-341896564L, 1766034895L, -83541627L, 621001276L, 1493671698L, 
-194624499L, 793956167L, -2037732050L, 1037741192L, 316193163L, 
62947689L, 1601448760L, 1839044070L, 1123299713L, -790813421L, 
-1981275454L, 1471458676L, 1537592695L, -498551187L, 94787844L, 
-1515836374L, 617439637L, 253892143L, -1149635786L, -1500755104L, 
322417059L, 861254337L, -142988624L, -2009086514L, 1297398073L, 
-892242613L, 864927482L, 1520562172L, -894283713L, 1419528469L, 
-1220963796L, 1302798082L, -2112672803L, -75381033L, 1470665150L, 
1669239800L, -1541519397L, 1763899961L, -1394951288L, 934087478L, 
-1285318287L, -1396608093L, -1151941902L, 1416725060L, -1710846713L, 
1302779101L, -1651686956L, -724400902L, -1849435067L, 1064643743L, 
-632361434L, 860252848L, 1049794387L, -1752534415L, -1020977248L, 
562788158L, -47268279L, 1291492091L, 197741258L, -1177928660L, 
-1638005713L, 500690149L, 1159251356L, 1295247346L, -455380371L, 
-888588377L, 1769204174L, 1341660968L, -763636437L, -2113415351L, 
1162288216L, 716744966L, 2002957537L, -124160909L, 1969946850L, 
688064596L, -716583593L, -409510579L, 862650596L, -338879286L, 
653578549L, 134264719L, -849812330L, 383724608L, 1678417155L, 
-729091807L, 1526528528L, -899055122L, -293800551L, -432508373L, 
-106274022L, -1094714916L, -196775969L, 1693464501L, -551276212L, 
1746204578L, 1876221693L, 617820151L, 1930164510L, 2044920792L, 
1901184315L, -630504743L, 1044840040L, 1924718486L, 360041233L, 
2143093955L, 736472274L, -509839004L, -2131149657L, -938655235L, 
-814830604L, -1885018918L, 784066085L, 494861119L, -461776698L, 
-484960944L, -1587241613L, -821983343L, -264857152L, 1697045406L, 
-1662655127L, 1403002267L, 601563306L, -1635565876L, 1507811215L, 
687254469L, -9728132L, -1272959022L, 1972207437L, 711114247L, 
-1329529362L, -985929528L, -774215733L, -251219415L, -1861840776L, 
140357030L, 486119361L, 933847272L, 1093192428L, 1374313788L, 
721160306L, -1523228048L, -774202844L, -1875072968L, 2119088410L, 
-403692336L, -510256836L, -318696556L, 564844418L, -349500480L, 
-1024977348L, -514932336L, 187066402L, -326841080L, 1929373836L, 
-2045554916L, -2066596718L, -1414476416L, -284250092L, 300001064L, 
-1888344518L, -732608048L, -2098904724L, 441760692L, 231658002L, 
-5040160L, 32700876L, 1534777568L, 1501803554L, -143705304L, 
-1209587188L, 612741948L, 1965869042L, 742163184L, 399641156L, 
1455781464L, 777230138L, 1768970224L, 301968060L, 436487444L, 
1091759298L, 702737504L, 1787182460L, 423886800L, 1601145122L, 
-1695707480L, 1389264780L, 1664378044L, -1579740366L, 669660736L, 
1705374900L, -928953272L, 1781222842L, 1752422928L, 1181519084L, 
1427362132L, 1042791186L, -1864366688L, -475770164L, 1822902880L, 
-1199855678L, -719953112L, 93987244L, 1434432828L, -495860878L, 
-680893136L, 1824136996L, -77011656L, 2145429210L, 1154348944L, 
1420772092L, -2108040300L, -1751571390L, -1362776832L, 564772924L, 
186715472L, 1034433698L, 243645256L, 709275404L, -640446756L, 
-1379301550L, 446817920L, -2085220268L, -258014232L, -1960523014L, 
-159765168L, 1515452204L, 827222900L, 582157202L, 2106509920L, 
1058418572L, -392161440L, 1933958114L, -1131344984L, 2105380044L, 
-1508259332L, -315568206L, 1206951408L, 254672324L, -836505256L, 
-1166596742L, -1529274960L, -1505393732L, -518920108L, 450158530L, 
180156448L, -39956292L, -1090946480L, 554424290L, 195976808L, 
-2080694708L, -1827182340L, -961220622L, -1703656192L, 1737390964L, 
1838561288L, 1028278714L, 824659408L, 974672876L, 857549716L, 
-278377518L, -426504352L, 1700723020L, 84042016L, 593653634L, 
1725918952L, 1644804332L, 260783676L, -503929998L, 507750000L, 
1752747044L, 1505795896L, 1429766298L, 299755216L, -61979460L, 
860154516L, 1052686978L, 1602613440L, 1434617148L, -588003184L, 
-1281417694L, 1037523464L, 376329484L, 1665983132L, 1180472850L, 
-800534144L, -748043756L, 1881529896L, 862314810L, -516416560L, 
950169196L, 1861614388L, -1962454382L, -1683692192L, 886388044L, 
331703264L, -1943945310L, -313565272L, 401805196L, -33989956L, 
-3622030L, -10133264L, 1289628740L, 2092682584L, -1021448134L, 
-1859042448L, -2132921284L, -543282412L, 2139344322L, 261852384L, 
1647949692L, -792037680L, -443024734L, -626093016L, -2087436020L, 
1419029436L, -268114638L, 1508415424L, -682768844L, 1231956936L, 
1576109242L, 1773119376L, 853797356L, -194554796L, 1217362578L, 
-509031648L, 1765654988L, -66511904L, -764832062L, -999655896L, 
1094201004L, -1211734340L, 1299898866L, -955639504L, -1961056092L, 
1014971064L, -2124554406L, 975347088L, -69857924L, -2009345772L, 
173313346L, 385045248L, -1938093124L, 1639027536L, -1220491998L, 
912697672L, 1033661452L, 1166294108L, 185935058L, -863828992L, 
-200972460L, -1183999512L, 1105615866L, 157395664L, -398711508L, 
-695960332L, 1455285138L, 1576782944L, -384116468L, 1057823456L, 
-1733859998L, 769463976L, 1907179084L, -186485892L, 1804563337L, 
-1795552354L, 92932684L, -1091433443L, -1626782297L, 282786000L, 
-1814779282L, -864537317L, -1589858691L, 656178282L, -618174200L, 
-1291551311L, -1251665373L, 1454341924L, -1316567086L, -856783833L, 
-1390461327L, -1018215242L, -1746992044L, 912817381L, -291829521L, 
344243240L, 1389226118L, 1280258739L, -1896467435L, 1006519922L, 
1035256512L, -626637015L, -176396901L, -1147952532L, 1933334138L, 
-455931985L, -1567137095L, 1662160078L, 1197606428L, -1778721395L, 
2091240439L, -1834914048L, 945489246L, -1528541653L, 453370157L, 
-1851867750L, 85519192L, -1794690367L, 1206752627L, -686659948L, 
764564258L, -658047433L, -1668199679L, -967175674L, 402944068L, 
1398194549L, 510919903L, -495790024L, -1192058858L, -1850675165L, 
1556574181L, -930342398L, 1075529840L, -2015199719L, -105406453L, 
250133244L, 9022250L, 1161182559L, -1378036503L, -503815170L, 
1526554604L, 1206643517L, -1663146233L, -1328857360L, -1532305778L, 
-1583343429L, 150736029L, -2055913398L, -1268227480L, 1756245585L, 
-158018237L, -331692988L, 1453500146L, -647418169L, 744887441L, 
-1017853418L, -1580320652L, 1551432453L, 1108726095L, 1011585864L, 
-383655194L, 1652134931L, -1234883723L, -1323857070L, 1271659424L, 
-1919414647L, 1418246843L, -123674356L, -1577739110L, -136601073L, 
-541579687L, -1993000210L, -1518063236L, 1470497261L, 388550295L, 
-621065888L, -698569410L, 292273675L, -388740467L, 336906170L, 
-599755272L, -1630236255L, 2036135763L, 507434612L, -2022475774L, 
-1342741865L, 334687329L, 868067494L, -1021945692L, 259813717L, 
-1060269569L, -719763304L, 1712264630L, -1694974397L, 113845125L, 
-254982110L, 643713808L, 624821945L, -181150869L, -1419636132L, 
1550118794L, -513654913L, 524341961L, -963028130L, 1831854092L, 
1132482525L, 1964088039L, -336243952L, 1774275118L, -764415781L, 
1640902077L, 1776130858L, 1596765128L, -1832701711L, 1644351075L, 
-1366009244L, -782009966L, 1280013927L, 329553457L, -1355510922L, 
587882644L, -1874022747L, -843850833L, 31193192L, 1479216198L, 
